0.75 3679
0.625 1920
0.5 6882
1.0 11704
0.875 1543
0.705882352941 7
0.5625 20
0.545454545455 1509
0.157894736842 2
0.533333333333 88
0.571428571429 1934
0.4 2983
0.142857142857 362
0.384615384615 566
0.153846153846 119
0.947368421053 2
0.0555555555556 1
0.176470588235 4
0.272727272727 1083
0.2 1439
0.1 448
0.0714285714286 59
0.0909090909091 330
0.222222222222 1139
0.461538461538 508
0.823529411765 8
0.235294117647 6
0.111111111111 441
0.578947368421 1
0.818181818182 1395
0.9375 13
0.214285714286 98
0.642857142857 227
0.529411764706 6
0.8125 12
0.0588235294118 2
0.894736842105 3
0.888888888889 1692
0.6875 24
0.833333333333 2336
0.277777777778 1
0.444444444444 1908
0.538461538462 660
0.923076923077 466
0.3 1426
0.933333333333 79
0.6 3427
0.8 3091
0.727272727273 1433
0.470588235294 10
0.647058823529 8
0.352941176471 3
0.263157894737 1
0.357142857143 215
0.777777777778 2002
0.4375 28
0.846153846154 573
0.866666666667 85
0.882352941176 8
0.842105263158 3
0.526315789474 2
0.363636363636 1216
0.636363636364 1551
0.722222222222 1
0.714285714286 2017
0.785714285714 266
0.473684210526 1
0.0666666666667 19
0.266666666667 71
0.9 1504
0.631578947368 1
0.789473684211 2
0.454545454545 1369
0.133333333333 22
0.294117647059 7
0.166666666667 618
0.857142857143 1794
0.125 348
0.0769230769231 110
0.411764705882 6
0.428571428571 1645
0.0833333333333 234
0.466666666667 134
0.368421052632 2
0.611111111111 1
0.736842105263 3
0.7 1984
0.909090909091 1214
0.210526315789 1
0.333333333333 3545
0.375 1493
0.928571428571 211
0.285714285714 1242
0.941176470588 6
0.0625 1
0.588235294118 7
0.555555555556 1994
0.615384615385 513
0.181818181818 661
0.307692307692 504
0.692307692308 666
0.733333333333 98
0.1875 14
0.764705882353 6
0.684210526316 1
0.25 2063
0.230769230769 292
0.666666666667 4977
0.416666666667 822
0.769230769231 635
0.3125 10
0.583333333333 918
0.916666666667 796
